IntensityLine
19
19
21
21
21
20
17
17
17
17
17
19
18
21
17
19
21
19
18
17
19
22
21
19
23
21
22
17
17
19
18
18
17
19
18
15
18
17
20
19
23
19
20
17
20
18
18
15
14
14
20
19
16
15
17
18
18
18
15
14
16
14
17
17
13
13
17
15
16
18
14
14
16
17
18
16
17
18
17
16
11
11
13
15
16
15
15
13
10
13
14
12
12
13
15
12
13
12
15
10
11
15
15
14
13
13
14
14
15
13
14
14
11
13
12
13
14
14
14
12
15
12
12
20
45
73
81
83
84
85
86
87
84
80
79
77
78
80
83
81
85
85
83
84
88
91
95
95
100
101
101
104
105
103
102
102
101
100
99
100
98
89
57
24
20
21
22
20
19
19
22
20
19
18
18
18
21
19
19
22
20
19
20
24
20
20
20
20
20
19
20
20
25
23
23
21
22
24
23
20
20
19
23
23
23
21
24
22
22
24
23
22
21
22
23
23
24
26
25
25
26
24
24
27
30
30
29
29
27
28
26
26
26
25
28
29
31
28
30
28
27
28
31
31
29
29
28
31
35
31
34
34
33
32
36
33
33
35
33
34
32
36
35
35
33
36
37
38
36
36
36
36
40
39
40
40
37
40
45
41
43
46
74
92
92
89
84
97
120
136
138
137
137
139
139
142
143
147
148
148
148
149
149
147
140
108
58
38
35
35
32
35
31
32
36
32
33
31
29
29
End
